0,3.0072e+05,45164,1.5793e+05,39599,44505,83463,18548,22224,1.4275e+05,45148,25439,81801,39257,3572.6,2720.8,646.73,753.05,277.66,1193.8,1230.4,300.02,435.06,500.45,1119.4,732.93,751.95,496.99,579.38,333.02,72798,6052,7592.6,387.75,306.18,873.94,11336,1969.7,4194.2,2588,1405.6,657.16,673.5,1588.2,695.19,1060.7,24820,777.53,315.84,806.28,644.91,1110.8,432.94,485.48,2168.9,3675.7,61020,56442,9888.7,4349.2,2011.7,4809.7,643.42,7843.2,2302.7,1396.9,810.13,1047.9,1355.3,1929.2,18418,2744.8,499.83,41038,18418,14021,4457.3,3161.8,2248.7,14357,1759,8310.5,6765,705.83,1008.6,2928.9,1601.9,755.45,1142.3,1009.8,502.45,663.57,1198.6,456.87,638.75,27940,5480.6,990.91,3029.8,1.3852e+05,1056.5,6100.7,4387,2884.9,1716.1,8758.1,6902,5426.5,6478.5,12893,2120.3,13607,8129.4,10940,3650.9,795.19,732.03,68.718,134.37,32.278,21.508,106.23,55.565,52.068,71.462,132.99,48.89,313.07,148.43,202.22,244.54,383.82,413.97,173.31,2319.6,654.92,56.136,227.33,96.999,6391.2,749.8,4566.4,5366.5,1859.5,92.139,186.85,127.49,216.11,450.23,385.33,67.731,712.28,2791.3,19.45,149.04,218.27,486.12,403.39,159.36,131.8,212.07,528.03,1347.1,2015.3,338.29,532.3,2529.3,869.53,105.5,122.79,106.89,68.34,83.948,68.563,39.304,186.39,7864.3,1652,130.75,118.01,252.41,1151.2,574.96,929.02,947.7,1474.6,826.85,551.98,287.39,88.745,271.73,146.42,62.955,335.11,99.937,64.557,59.864,6386.7,3814,5197.4
3.0072e+05,0,1.5898e+05,1.8792e+05,3.229e+05,47468,4.2734e+05,42520,1.7519e+05,1.3567e+05,1.5273e+05,13082,1.4441e+05,1.4653e+05,13626,6319.4,1286.3,1394.9,579.73,2028.5,1967.1,167.69,729.6,880.4,1812.9,1283,1467.6,805.31,997.87,729.28,2.1047e+05,15267,12760,602.82,464.01,1033,16493,2500.9,4410.4,3655.8,2340.7,1099.1,1131.4,3530.9,1410.5,1959.3,1.0237e+05,1877.1,595.43,1431.5,1182.9,413.08,395.81,547.72,5038.8,8009.9,61133,99512,13802,13287,2467.9,5216.3,783.46,27622,5619.8,3384.5,1737.4,1767.2,2292.2,3226.3,18152,3470.6,282.3,96753,60621,58665,18005,8265.7,4080.4,25526,2895.4,10153,19157,997.24,2497.2,6737.6,2993.8,578.36,1606.9,518.64,684.37,469.25,2002.9,778.99,700.57,22980,3240.9,440.18,2195.8,1.3221e+05,1896.2,7427.5,7251.7,3962.5,3674.7,19175,9474.4,12594,11185,25178,4366.7,27949,14734,22080,7335.6,962.32,856.08,55.696,121.61,25.894,15.512,78.591,55.206,44.989,68.44,161.82,41.355,271.27,133.96,199.05,264.67,356.19,387.87,177.91,4682.4,1016.2,40.37,158.74,69.06,10886,637.59,5876.3,5244.8,1742.8,105,189.36,93.703,187.32,380.75,327.81,71.198,1094.9,4368.5,15.483,137.97,231.3,440.64,434.08,208.01,180.12,286.9,677.88,1911,2238.3,249.41,334.58,3374.4,1248.3,163.93,154.92,142.74,76.465,61.693,76.348,30.922,183.09,15234,2136.8,140.88,126.74,247.87,1983.7,393.65,836.52,1268.5,2049.4,1072,670.8,324.36,82.548,500.4,243.15,89.007,450.59,99.822,57.7,57.096,12896,5740.7,6351.5
45164,1.5898e+05,0,10570,81045,9454.7,31059,2.3494e+05,61762,15915,2.5809e+05,4983.5,55445,1.0147e+05,8905.1,8418.3,2609.4,4480.2,1085.9,11095,12656,332.63,4143,4256.8,6032.6,5399.6,4559.4,2954.5,1775.6,1637.8,2.9949e+05,96743,22709,3159.3,2476.3,3754.1,23309,6615.5,6391.1,7269.1,12447,4450.5,5807.6,4366.3,3602.7,3969,41371,1455.2,1966.7,5264.7,3264.7,600.19,563.19,1918.5,1584.4,2560,26807,63176,5524.4,4722.9,7861.8,15676,3127.7,26899,1856.1,2565.5,1946.4,7606.2,12694,19182,18975,3319.7,309.96,36264,26791,25548,11772,9937.4,26177,96700,7661.7,57019,6039.7,328.73,1265.8,2479.9,8477.1,214.52,713.99,285.41,785.38,557,10894,2883.8,2082.1,11763,3274.5,434.88,2610.5,50071,1487.1,3222.3,3332.8,1370.9,3068.5,8685.3,3078.1,7224.2,4077,11325,3305.2,15172,7565.4,12496,6138.8,1248.5,1126.1,105.12,198.19,71.085,33.534,228.32,109.12,84.52,217.78,553.05,86.659,418.75,289.17,342.53,900.71,675.9,1009.1,314.42,4615.9,1139.1,92.114,259.36,113.88,10266,812.03,6606.3,6672.8,2430.9,380.97,791.4,386.2,257.74,553.17,534.03,278.46,1085.3,4700.3,27.438,349.02,644.14,676.41,1924.7,110.27,146.76,128.51,541.76,1683,988.39,370.38,517.03,3731,1525.4,159.64,118.02,95.837,108,222.75,140.1,117.93,798.36,12676,2499.8,328.21,203.46,917.15,2131.6,593.03,1112,1281.7,2267.5,1270.1,826.23,390.63,162.02,197.89,109.67,63.206,284.21,237.16,258.19,256.18,7355.6,5819.2,7237.7
1.5793e+05,1.8792e+05,10570,0,19517,50865,1.5534e+05,3258.2,11710,3.4311e+05,10242,41663,1.4456e+05,18912,2522.6,1081.6,227.49,254.95,118.31,335.11,216.4,55.637,80.944,104.17,236.97,156.23,196.99,113.14,179.89,106.87,21377,2381.1,2021.8,89.095,52.658,144.32,4388.8,372.85,1007.3,631.67,224.78,136.89,195.62,707.17,278.29,403.1,25330,484.32,91.174,250.79,231.93,224.87,99.223,107.49,1447.6,2336.5,22908,27647,4469.5,3477.2,495.07,837.62,120.65,5978.9,1569.2,893.26,422.74,269.54,305.21,376.64,11317,979.1,134.3,28484,15482,12806,3291.8,1517.2,634.64,2966.8,606.47,1608.9,5566.9,310.92,684.59,1921.7,607.55,210.43,483.31,248.3,206.85,172.44,211.03,109.42,167.3,17274,1590,208.49,745.36,51339,617.24,4018.6,3215.4,2389.5,1045.5,7710.4,5872.8,4312.9,7182.9,12023,1346.6,10933,6539,8741.7,2155.9,224.58,191.82,12.371,26.073,4.7321,3.3816,14.309,13.646,11.088,10.874,25.771,10.969,63.508,30.45,48.102,48.991,82.491,91.166,45.799,1203.6,245.58,8.7179,33.771,17.613,3023.3,131.48,1413.7,1231.3,390.29,17.58,36.083,12.561,42.209,88.622,64.682,10.086,303.4,1081.8,3.7326,29.572,54.288,103.38,76.58,62.031,46.583,88.38,243.97,648.57,1267.5,50.466,70.935,831.67,299.72,37.325,48.332,40.719,17.964,12.026,21.61,7.2484,29.255,4572.1,541.25,41.687,37.819,48.171,518.37,88.48,194.59,368.32,551.54,258.18,174.82,78.264,20.949,140.15,65.646,24.669,128.35,31.155,12.881,9.7071,5479,1456.1,1520.1
39599,3.229e+05,81045,19517,0,15789,2.2519e+05,26163,5.067e+05,54589,1.6868e+05,8109.9,1.0807e+05,1.5625e+05,13435,6028,1011.6,792.21,426.82,962.49,747.24,83.977,324.44,425.91,980.47,646.63,877.48,422.7,698.01,502.23,59164,11420,6779.1,292.67,194.55,537.86,10267,1381,3048,2341.2,819.95,449.66,536.42,2753.9,869.39,1270.9,71618,978.3,294.45,753.42,511.31,186.38,287.72,275.97,2412.1,3751.9,18604,32989,5382.4,8248.8,1573.7,2849.8,422.77,19916,2670.2,1637.7,836.81,708.11,912.47,1180.6,13927,3416.7,132.43,44478,34057,46226,16737,7181,2279.1,11441,1867,5370.1,9337.9,460.82,1291,3171.1,1438.5,250.44,786.1,236.69,319.2,211.27,744.41,306.96,322,19278,2622.7,273.99,1671.5,53332,2233.9,5821,6979.5,3275,4894.9,21587,7331.4,18198,10989,29248,6003.7,37458,18099,29209,10162,1102.8,954.67,69.151,131.23,17.642,13.299,56.979,54.078,41.293,47.756,93.387,40.565,241.41,105.46,162.75,180.65,295.51,299.31,151.42,5898.5,1361,31.056,147.15,60.293,13967,601.85,6946.6,5183.6,1572.1,70.545,121.63,55.209,208.38,448.23,310.98,35.007,1353.9,5254.3,12.889,112.33,184.64,356.05,233.37,111.07,167.73,96.648,603.3,2110,1550.1,232.41,318.21,4303.7,1504,171.75,91.066,54.082,28.686,34.224,35.604,14.848,110.68,20585,2117.6,106.71,96.665,116.82,2719.2,431.58,944.83,1410.7,2482.2,1322.9,793.93,367.46,36.484,313.53,112.75,53.374,181.79,40.211,29.749,25.589,16591,7181.7,6993.6
44505,47468,9454.7,50865,15789,0,42418,5344.9,14072,1.0907e+05,13294,28519,72832,23120,3354.9,3879.6,856.77,725.63,308.47,827.64,680.31,2536.3,277.26,443.95,881.26,1184.2,845.86,1807,2122.7,679.12,11831,3034.1,7240.5,297.07,175.54,558.27,16108,1677.3,7767.4,3137.3,1200.3,1705.4,511.03,1993,715.2,1261.7,14348,1126,510.91,948.89,1578.2,11142,1421,2984.1,1863.2,5301.5,44607,16340,9087.5,2886.1,1701,3785.3,516.96,3858.4,1150.3,1323.4,1307.7,1512.7,1078.2,1116,40088,14735,4589.8,25423,7767.9,8942.5,3179.6,2950.7,1122,7451.7,1452.9,4916.7,3461.8,4092.8,875.66,4473.5,2384,7705.7,7552.3,10525,3708.9,6938.2,990.14,1167.7,4764.1,57598,18857,5728.1,8998.4,72176,676.76,4389.8,2899.1,2087.3,1086.8,5905,5787.6,3603.9,4625.9,9804.7,1412.3,9496.3,6220.3,8248.4,2679.5,864.4,776.77,91.82,177.4,59.989,31.132,154.27,110.01,105.35,112.91,435.36,114.72,424.75,329.92,539.47,618.55,1462.1,1842.6,679.76,1539.8,440.13,90.218,234.3,119.89,5443.6,593.76,4044.4,6862.2,2736.6,180.42,637.5,308.99,159.86,407.26,508.42,134.81,536.55,2714.5,40.96,337.32,686.27,1331.4,1627.5,435.83,171.83,661.67,346.46,911.37,1704.2,321.38,462.72,1856.6,641.65,87.878,259.86,337.31,275.41,290.88,372.72,196.09,640.72,6363.3,3991.1,672.7,403.2,1511.3,840.2,458.88,705.21,652.79,1106.9,710.5,428.33,251.19,272.48,982.29,442.75,247,1179.8,663,340.38,340.4,5518.2,3963.1,5826.1
83463,4.2734e+05,31059,1.5534e+05,2.2519e+05,42418,0,11788,2.858e+05,2.477e+05,44489,21407,5.5783e+05,1.583e+05,16899,7640.8,1292.3,1046.2,548.28,1209.9,798.02,119.76,369.97,506.45,1108.5,731.52,1039.3,480.07,918.19,662.03,57858,11768,6073.4,378.78,218.36,608.46,10847,1560.5,3835,2783.8,801.12,470.01,652.05,3694.9,1198.8,1767.8,98430,1512.4,365.46,945.1,685.33,311.43,384.71,325.43,3965.5,6115.9,33161,51561,9061.3,12140,2034,3220.9,534.7,25934,4358.4,2576.9,1259.8,870.19,1057.5,1250.9,19584,4441.5,211.43,70457,49592,62198,20688,9284,2763.5,9183.2,2545.3,6518.2,14784,762.95,2023.3,5098.2,1967.2,423.31,1256.8,404.8,495.89,358.73,695.8,320.72,436.61,37336,3652,415.98,2339.7,85752,3324.4,11537,12647,7281.4,6783.8,40869,16353,26649,22023,51063,8815.5,64783,32005,48615,14661,1503.6,1322.6,88.527,178.74,28.201,19.302,79.697,72.227,58.475,73.243,128.82,64.781,325.82,158.96,241.97,232.29,403.65,379.4,210.13,7850.3,1890.4,49.318,210.16,103.74,20473,887.24,9550.4,7342.1,2139.4,90.536,157.64,77.838,294.94,624.41,459.27,46.353,1980.9,7247.6,19.399,163.81,271.02,494.19,290.18,190.01,240.64,179.75,1057.1,3220.4,3338.7,322.21,446.44,5923.6,2107.6,243.68,140.58,96.179,54.723,45.808,52.436,17.818,130.56,31094,2855.8,163.96,151.99,157.04,3671,636.45,1366.8,2179.3,3703.2,1930.8,1144.8,530.38,69.982,478.92,199.98,75.123,318.13,59.04,39.571,27.334,28514,9863.3,9909.3
18548,42520,2.3494e+05,3258.2,26163,5344.9,11788,0,37379,7349,2.6569e+05,3102.1,38690,86297,11065,10137,3124.9,6131.5,1390.5,14851,15300,352.09,4933.5,4979.6,7415.2,5972.8,5402.6,3563.3,2060.2,1942.9,1.3499e+05,2.0974e+05,24138,4188.8,3060.6,4992.2,21969,8529.4,6209.5,8447.4,14787,5074,7776.4,7863.1,5180,6888.1,46062,1398.9,2221.1,6768.5,3280.1,549.65,609.31,2335.5,1158.7,1849.1,15195,38759,3355.4,4436.6,17653,25848,4706.4,48247,1437.6,2496.2,1886.6,8266.1,14397,23945,14139,2681.9,332.85,28917,30922,31593,25704,38576,1.3289e+05,1.522e+05,28000,1.5241e+05,4851.3,228.75,1113.5,1998.7,10251,158.63,589.65,211.73,770.6,546.02,12919,3124.4,2286.7,7652.1,2106.1,349.78,1958.3,32173,930.47,1835.2,1890.7,712.44,1777.9,5252.5,1669.8,4391.9,2409,7042,2059.5,9434.5,4523.2,7799,3929.8,906.49,798.12,79.621,147.44,63.262,26.746,212.06,101.77,77.408,204.66,569.6,87.171,410.06,296.74,390.96,1017.1,740.36,1120,370.19,2672.5,713.8,77.915,210.8,108.82,6399.8,582.38,4251.3,5083.4,2200.1,394.52,872.07,381.91,162.97,380.54,420.93,301.5,735.63,3380.1,22.918,354.5,594.57,664.77,2163.3,76.329,94.932,103.38,306.87,1016.7,596.71,286.74,414.55,2283.7,925.83,103.41,79.094,89.811,109.25,222.26,148.86,117.24,845.91,7744.9,1959.6,367.11,170.67,953.3,1324.1,396.41,738.91,757.04,1440.1,843.56,527.01,260.51,163.35,168.48,87.175,50.349,255.25,250.6,259.27,261.92,4575.5,3676.3,4706.4
22224,1.7519e+05,61762,11710,5.067e+05,14072,2.858e+05,37379,0,59663,2.9413e+05,10429,2.0754e+05,2.9865e+05,14144,8250.4,1280.8,812.64,446.45,970.62,804.32,114.29,381.06,507.96,1123.4,740.38,1047.7,528.06,857.31,597.31,36096,10826,9667.2,319.45,228.94,589.12,13736,1662.7,3553.9,2771.2,1035.1,536.5,547.61,3135.3,900.36,1291.8,59082,644.84,325.09,739.87,443.21,191.01,333.06,332.43,1365.8,2181.6,12327,20468,3512,6045.3,1479.8,3210.1,445.81,16353,1542.6,1035.8,522.24,725.43,986.45,1352.7,17367,3886.4,114.04,29856,24943,39936,16303,8386.7,2362.2,12817,1758.9,5197.1,5612.8,271.37,754.13,1833.9,1267.9,163.92,453.84,173.36,229.76,168,883.52,323.44,364.46,26691,2782.6,298.06,1851.7,48551,2853.6,7688.1,9181.3,4532.8,6257.6,29568,10547,23616,15601,41607,7951.3,54747,26791,42193,13579,1385.4,1232.2,88.251,183.1,27.507,21.199,78.155,76.697,48.325,69.484,132.28,54.376,286.23,150.02,205.68,259.29,362.57,374.95,185.38,7241.9,1693.2,46.482,173.76,87.843,17920,743.45,8567.9,6209.5,1896.8,103.56,171.96,72.461,265.3,553.2,397.16,49.667,1724.9,6592.5,15.419,163.64,240.3,419.24,328.25,92.921,203.55,67.791,767.14,2598.2,2066.4,296.26,380.43,5323.9,1923.5,211.22,87.628,34.209,30.869,34.851,27.313,17.135,141.75,27926,2468.5,140.34,112.4,157.17,3498.6,553.54,1164.9,1784.5,3174.5,1721.6,1020.6,483.66,47.995,264.4,83.677,38.959,120.15,40.235,39.367,42.903,24380,9060.3,8785.3
1.4275e+05,1.3567e+05,15915,3.4311e+05,54589,1.0907e+05,2.477e+05,7349,59663,0,27416,2.6905e+05,8.249e+05,84675,5849.4,4202.6,756.71,484.41,265.16,549.62,409.45,330.93,176.25,246.56,659.27,391.82,565.59,359.62,681.33,322.33,24025,4501.9,11644,177.8,117.97,372.9,31629,1345.8,4795.1,2376.9,557.94,383.38,314.9,1740.7,523.14,822.57,35375,623.38,193.01,472.38,383.65,1051.5,442.69,441.96,1584.3,2677.9,35374,28741,5309.5,4330.2,948.36,3416.4,288.23,8804.6,1722.4,1037,554.5,460.81,573.23,728.01,88309,4528.3,465.22,30068,18083,19351,6221.5,3701.6,1139.7,9438.3,1076.3,3444.7,5920.3,525.06,792.95,2206,957.26,623.63,881.59,856.36,409.79,562.83,500.57,252.18,523.13,97870,10345,1107.2,4523.2,1.0324e+05,4072.9,21359,19972,14688,8285.8,51745,32865,34628,39380,80721,11586,91840,55429,74237,17649,1594.8,1455.7,110.24,211.78,40.927,28.351,109.95,104.85,66.358,90.165,172.67,70.31,311.96,208.69,248.38,326.69,460.19,537.5,249.48,8151.4,1944.3,55.424,200.14,93.97,22819,791.31,9469.3,6700.7,2105.9,123.16,253.41,127.5,322.32,648.04,488.15,69,2162.3,7620.1,24.652,249.98,428.99,497.12,461.12,199.61,294.29,176.23,1467.3,4119.6,6984.4,331.1,422.06,5911.2,2116.9,288.37,194.46,86.263,58.015,85.105,62.624,35.771,244.17,37338,3014.1,277.64,240.1,310.39,3877.6,629.12,1258,2654,4234.1,2192.6,1338.4,603.67,109.95,272.68,165.69,77.299,284.33,107.81,72.4,66.582,41566,10109,9667.7
45148,1.5273e+05,2.5809e+05,10242,1.6868e+05,13294,44489,2.6569e+05,2.9413e+05,27416,0,12429,1.89e+05,4.3682e+05,19561,17375,3442.2,2708.9,1048.8,4563.6,6057.6,464.51,2362.1,2717.5,6410.1,4206.1,4628.5,2968.2,2763.8,1966,1.2394e+05,59057,78908,1529.2,1545.9,4053,71286,12117,12490,12924,9239.7,4079.7,2629,6674.9,2426.7,3203.5,70252,1281.3,1644.3,3119.2,2816.6,635.82,841.76,1926.4,1749.4,2776.7,20204,40189,4858.6,7076.3,4401.1,23365,2102.2,27664,2001.8,1923.3,1644.8,4391.8,6088.8,10297,45268,4680.4,292.79,40054,34310,48669,22867,16167,16820,1.1646e+05,4352.9,28858,6881.4,355.42,1114.6,2589.2,4849.6,231.28,739.47,286.7,673.5,477.77,7363.1,2684.7,1922.4,24124,4112.8,613.66,3691.6,60996,2264.8,5036.7,5672.1,2357.2,4770.8,16835,5674.6,13759,8315.5,23079,6027.3,31672,15360,25509,10887,1585.1,1428.1,125.83,242.76,66.233,32.32,239.46,132.08,92.625,210.04,530.96,110.89,506.22,337.43,450.63,907.26,886.18,1150.7,402.83,6054.7,1545.8,99.242,296.39,142.75,15183,950.02,8498,8094.3,3053.5,364.89,655.33,338.87,305.96,666.25,619.73,242.02,1552.9,6614.1,28.084,343.67,588.18,879.82,1599.4,126.4,193.88,123.2,700.76,2218.6,1445.5,431.84,581.11,4998.8,1838.1,204.09,128.26,91.94,91.049,204.77,114.33,103.45,699.31,20991,3101.8,319.32,194.85,770.18,3148.3,677.86,1319.4,1678.6,2957.7,1696.1,1024.9,502.81,150.04,302.22,107.31,59.454,265.74,201.78,208.49,211.35,14830,8355,9171.2
25439,13082,4983.5,41663,8109.9,28519,21407,3102.1,10429,2.6905e+05,12429,0,1.8169e+05,34440,3082,3448.9,639.78,270.7,150.16,257.27,233.47,404.36,103.44,166.44,499.83,296.28,399.59,356.77,649.53,249.05,5820.5,1867.2,8316.1,98.655,70.538,267.14,18097,1019.2,3763.1,1842.2,458.7,340.41,162.76,1180.2,286.76,467.39,11058,169.37,156.05,290.64,231.76,1054.2,525.77,463.18,299.94,650.47,7853,5398.2,949.94,904.94,480.11,2256,168.18,2849.9,286.41,227.43,183.41,274.79,325.28,452.55,46273,3211.2,388.83,5705.7,4238.7,6136.7,2598.5,2194.9,470.43,6252.5,469.44,1747.8,1106.6,299.26,142.76,550.52,458.24,511.55,491.71,757.11,238.27,445.15,377.82,211.76,457.07,62664,8883.2,1526.9,4317,30612,1646,6129,6040.6,3697.5,3367.5,17474,9758.1,12681,11712,29159,4651.7,34877,20395,29415,8507.9,872.05,793.36,57.64,124.67,23.357,18.188,70.036,57.007,44.374,47.589,113.2,39.167,188.23,115.03,170.4,218.07,348.93,386.08,174.26,3652.7,892.69,36.47,111.7,51.935,11130,428.44,5037.9,3965.7,1306.9,74.613,155.01,92.182,170.87,360.51,289.59,47.951,976.82,3923.1,10.767,129.86,221.82,377.82,335.13,86.471,120.01,66.271,512.88,1620.5,1824,190.91,232.7,3105.9,1054.8,121.54,75.934,34.29,32.903,53.522,37.482,24.435,158.07,18235,1675.7,137.06,101.89,205.32,2049.6,331.01,669.98,1130.2,1941.5,1091.9,675.02,307.79,55.359,109.43,63.202,32.68,111.19,63.495,46.073,48.398,19364,5678.9,5477.6
81801,1.4441e+05,55445,1.4456e+05,1.0807e+05,72832,5.5783e+05,38690,2.0754e+05,8.249e+05,1.89e+05,1.8169e+05,0,4.8084e+05,27768,26700,4309.4,2074.9,1219.5,2132.8,2145.8,1082.6,1017.2,1337.4,3691.6,2307.4,3020.9,2232.8,3600.6,1773.8,46023,15953,47837,751.26,634.41,2112,76349,7331.3,17345,11857,3573,2218.4,1264.6,8992.3,2226.8,3298.1,88259,1100.5,1058.9,1970.5,1461.5,1689.4,1796.9,2026,1827.9,3081.3,28871,32248,5450.4,7997,3493.4,13664,1291.7,24154,2002.4,1523.8,1090,1955.5,2586.5,3902.3,1.086e+05,11275,626.73,41957,34220,58019,25326,19644,4240.1,43624,3713.8,12816,7488.6,564.31,1032.8,2594.9,2954.8,672.15,1050.4,970.84,663.36,755.65,3010.6,1298.6,1692.8,1.5557e+05,14824,2506.6,9841.1,1.189e+05,7412.4,24175,25805,15103,15833,81337,37366,58382,51814,1.2399e+05,21635,1.5913e+05,86508,1.3257e+05,39101,3909.5,3531.2,272.22,531.04,104.05,69.953,298.4,264.65,191.39,252.02,559.82,190.47,889.15,536.2,758.98,979.2,1448.1,1651,686.38,17164,4258.7,171.02,551.16,273.53,53006,2023.6,23752,18230,5806.8,367.16,668.6,326.73,759.33,1620.9,1306.6,210.43,4336.9,17458,56.065,517.8,922.33,1564.5,1429.1,235.53,499.04,139.32,2154.4,6896.3,6867.5,920.79,1170.1,14727,4671.1,547.79,239.89,82.19,85.933,178.25,94.658,80.801,619.48,84834,7165.1,538.23,396.1,705.24,9204.6,1542.7,3156.6,4827.3,8415.4,4775.8,2862.5,1362.9,179.94,448.68,187.31,103.97,298.92,176.33,171.04,177.88,81543,26294,25640
39257,1.4653e+05,1.0147e+05,18912,1.5625e+05,23120,1.583e+05,86297,2.9865e+05,84675,4.3682e+05,34440,4.8084e+05,0,25514,24754,4386.4,2470,1242.7,2983.3,3646.7,720.96,1525.6,2032.9,5991.8,3537.3,4328.6,3140.4,3846.2,2235.1,59916,22093,1.4294e+05,1073.7,1028.1,3876.5,1.2251e+05,15354,19672,18144,6858.9,3777.6,1805.9,8560.8,2350.4,3309.9,78205,1129.2,1562.5,2625.1,2436,881.2,1260.1,2407,1553.8,2458.8,17971,28202,4339.2,7255.5,3753.4,29813,1703.4,23985,1745.3,1605,1423.8,3287.3,4190.2,6705.3,80333,6886.6,366.51,36605,31948,54771,24922,19110,5979.3,94189,3789.9,18268,6225.4,332.87,954.33,2232.3,3976.7,279.45,708.37,376.72,653.55,534,5568.7,2384.7,2174.2,55878,6744.8,935.09,5820,74297,3829.1,10299,11299,5804.3,8234.1,35198,13819,27279,19645,50815,11164,70412,36220,57318,20742,2537,2227.4,187.78,367.61,89.35,51.543,284.16,181.69,141.91,264.44,595.06,148.01,748.34,435.4,651.84,1037.9,1217.1,1479,577.73,9573.6,2433,133.33,424.93,208.08,28017,1411.7,14390,12485,4506.4,400.56,710.89,356.91,475.88,1035.3,916.86,263.07,2478.2,10501,39.19,418.89,702.67,1247.3,1712.5,155.32,296.47,113.37,1135.2,3771.6,2937.9,633.87,851.18,8566.8,2866.9,302.94,160.62,82.442,87.009,204.76,101.13,100.12,731.49,42629,4734.4,412.63,254.64,814.06,5257.5,1021.9,2040.5,2727.4,4849.6,2805.6,1698.9,843.09,166.31,366.9,126.01,67.437,256.49,194.89,205.46,220.9,34542,14846,15465
3572.6,13626,8905.1,2522.6,13435,3354.9,16899,11065,14144,5849.4,19561,3082,27768,25514,0,2.0003e+05,64025,18247,17188,7400.6,2568.3,402.99,3644.9,5271.3,13843,4427.7,14249,3046.5,6843.6,6688.1,6823.9,6139.6,12163,3166.1,2154.5,5272,23382,11467,18007,24920,3134.1,2295.1,3362.7,45071,18768,15015,83300,2894.8,4409.3,10422,1056,556.58,2590.6,1667.8,671.6,956.67,2536,3631.2,1632.7,25589,8696.9,14342,3890,6267.9,790.09,1637.5,628.94,3349,5082.1,3605.1,15772,5171.3,275.57,26561,9311.1,1.2422e+05,36266,63865,5340,21635,8477.1,21526,3264.7,151.44,1351.1,982.64,12738,171.45,482.55,287.27,720.04,573.76,2115.8,1146.2,1666.2,8401.4,4376.8,1121.9,4672.8,10502,312.66,969.99,398.83,151.68,459.97,957.95,727.88,743.51,502.39,1688.7,559.64,1945.5,1261.5,2012.3,1736.5,1614,1448.5,203.73,400.59,116.48,83.987,309.05,96.314,284.7,209.25,368.32,273.7,1221.4,445.57,1374.6,643.13,2884.5,1926.4,1280.7,1093.9,463,282.15,694.43,363.77,4948.8,1108,5144.2,11264,5947.8,230.06,360.4,274.54,288.5,823.92,1415.9,164.6,431.38,3858.5,26.585,279.59,292.66,2255.3,850.24,36.338,46.437,65.911,151.51,512.05,533,868.63,1149.7,2161.8,763.61,53.86,40.411,51.662,78.612,145.75,80.866,58.605,382.21,4409.3,4035.9,210.83,112.42,349.6,790.39,841.09,1121,508.99,1084,973.06,621.22,425.85,111.36,90.196,51.642,43.062,175.09,130.15,103.65,93.342,2228.5,4179.5,7033.4
2720.8,6319.4,8418.3,1081.6,6028,3879.6,7640.8,10137,8250.4,4202.6,17375,3448.9,26700,24754,2.0003e+05,0,1.3883e+05,62834,65351,19392,4834.1,917.6,5790.6,7760.8,29271,7581.1,26599,6470.6,14868,11965,9451.1,10442,19099,7522.5,3959.2,11363,41732,24463,39041,56294,6488.8,6261.4,11195,2.2143e+05,73817,56157,98822,11843,15012,45188,3624.3,1518.6,6320.9,4381.3,642.02,848.74,3388,6592.7,1031.1,8218.9,20739,26232,9057.2,15362,1346.5,5913.1,1839.2,13088,18177,8570,25938,10575,739.22,20341,18113,1.4959e+05,66550,1.6525e+05,11156,27950,24873,34372,5017,193.56,5013.6,1514.2,57930,320.25,1300.1,724.07,2821.2,2158.7,5230,3930.1,6082.8,13385,7660.7,2417.6,8898.2,12645,442.37,1594.5,520.86,207.49,707.76,1197.5,1046.4,989.73,610.02,2043.8,824.51,2523.7,1627.4,2708.8,2528.2,3199.3,2981,460.29,969,294.49,210.15,772.79,220.16,734.7,495.35,845.73,677.06,2922.1,1073,3679.1,1503.4,7689.6,4946.6,3530.7,1655.2,786.41,741.21,1618.4,882.22,7485.8,2173.5,8863.3,23165,13780,546.86,983.55,774.2,578.44,1671.1,3497,386.57,680.97,7098,70.534,780.3,786.14,5575.9,2198.8,68.753,88.174,130.57,262.39,858.62,1000.9,1965.4,2483.9,3490.7,1315.8,100.9,108.41,190.5,305.26,507.25,350.42,251.19,1132.3,6344.6,8391.1,576.78,357.72,1342,1301.4,1583.7,1973.4,878.48,1855.9,1769.3,1179.5,815.19,382.41,129.93,116.7,128.98,578.6,583.51,413.29,343.5,3105.8,6963.3,12051
646.73,1286.3,2609.4,227.49,1011.6,856.77,1292.3,3124.9,1280.8,756.71,3442.2,639.78,4309.4,4386.4,64025,1.3883e+05,0,1.9181e+05,1.2045e+05,25643,11264,1561.8,29007,47558,43763,50677,77546,21412,41854,47078,5272.9,7073.5,5357.7,12940,11391,10239,12757,13054,16500,46748,11156,6881.7,6039.5,52888,87985,30542,1.3272e+05,12563,38211,45621,2583.8,1165.5,4661.9,5976.1,398.77,422.9,1582.8,4095.4,398.32,1770.6,10334,11592,9221.7,9995.6,822.31,3124.7,1222.4,5823.1,7162.3,5789,6144.8,4624.4,596.21,5736.1,7971.9,23877,14916,27745,3314.9,6993.9,7333.9,11828,3601,100.64,3516.7,956.49,32819,197,998.37,463.43,1966.6,1510.1,3495.1,2916.1,4746.7,2830.2,2242,1178.7,2929.1,7826.7,131.99,472.99,140.05,48.885,186.69,252.62,335.43,214.07,137.35,436.54,229.35,569.37,394.2,645.71,697.48,1156.3,1070.9,284.83,550.48,261.49,173.65,844.6,287.18,654.34,657.7,1378.5,597.91,1119.7,1387.7,2017.7,2139.4,4654,6771.8,2389.5,507.66,315.5,566.93,740.72,462.01,2072.9,759.65,2619.1,8335.1,5249.2,679.73,827.8,659.96,247.74,686.94,1984.4,473.93,185.31,2410.3,57.041,625.38,666.77,3020,2490.3,38.056,37.66,114.01,84.067,253.34,387.32,881.04,1030.3,1139.5,444.16,39.006,89.156,172.63,252.34,393.04,309.56,181.6,924.36,1651.8,3850.1,572.23,286.18,1108.6,412.23,633.89,711.52,265.53,595.87,602.75,413.77,301.83,310.79,79.884,106.21,95.26,503.36,477.11,309.9,284.72,892.78,2435.4,3922.3
753.05,1394.9,4480.2,254.95,792.21,725.63,1046.2,6131.5,812.64,484.41,2708.9,270.7,2074.9,2470,18247,62834,1.9181e+05,0,1.6953e+05,2.1893e+05,45041,5227.9,38073,36369,18453,61578,31267,94505,47364,28843,17333,27048,2753.2,80969,18959,10453,5379.5,5967.4,8507.2,19963,48381,51446,41117,59360,2.3993e+05,83092,1.7667e+05,27349,1.2807e+05,1.3245e+05,5510.7,4206.2,4137.5,56575,734.25,687.85,3889.4,13032,750.17,1430.4,34585,14689,38674,35113,1577.3,6197.5,2580.1,13850,24024,27896,2801,6032.1,3801.1,10337,21073,19747,30540,38637,9233.1,6068.3,17130,20211,7083.5,115.82,6715.2,1735.1,72369,230.78,1836.8,698.05,4007.7,3372.1,11425,7507.9,21960,1426.9,1184.5,859.94,1781.7,10363,65.356,251.91,34.31,9.1504,89.262,52.607,149.89,42.097,32.618,141.34,82.867,138.75,108.42,178.76,289.85,586.25,482.03,345.49,332.94,696.64,202.74,2297.5,882.15,748.6,2139.3,7402.1,702.78,865.76,3391.7,2043.8,12150,4913.3,16302,3045.6,327.02,239.16,667.77,508.89,384.13,846.24,472.62,1360.5,5426.3,3962.5,4074.5,5667.9,2817.1,132.99,268.77,1474.2,2945.2,71.709,1483.9,108.29,2092.5,3669.8,3003.3,20830,45.471,30.548,214.84,23.946,120.54,363.21,485.62,602.87,653.27,274.75,45.111,151.33,354.81,559.41,1022.5,665.54,478.52,4762,594.03,4621.3,3583.6,617.57,4101.9,291.16,324.97,430.56,73.896,217.18,214.4,178.94,122.45,737.91,110.95,168.34,192.69,1072.7,1147.1,995.31,1013.1,380.21,1146.1,1837.5
277.66,579.73,1085.9,118.31,426.82,308.47,548.28,1390.5,446.45,265.16,1048.8,150.16,1219.5,1242.7,17188,65351,1.2045e+05,1.6953e+05,0,43718,5842.6,539.17,12494,10349,8467.5,10755,16367,5897.5,16150,13166,4276.3,6006.9,1138.9,32554,7252.1,3054.9,2944.1,2527,5232.1,12319,3064.6,2696.7,5497.6,48022,1.6088e+05,34585,63124,5669.4,14813,31021,1198.5,506.87,2079.4,2439.7,201.93,240.42,1373.3,4147.9,308.24,834.04,7899.7,3440.6,9732.5,11038,452.4,1838.3,580.57,3722,5355.1,3245.7,1662.8,2839.9,278.96,4617.7,8528.1,12828,13394,20429,2548.6,1928.9,6285,4589.9,1796.5,47.052,1843.4,471.84,21956,74.349,451.02,207.61,972.4,762.54,1633.6,1299.9,2310.6,730.73,590.92,504.68,992.27,5829.6,33.565,174.1,29.681,10.512,48.531,49.52,96.942,38.46,23.818,99.096,46.752,103.33,86.893,129.71,165.12,470.72,410.11,159.13,284.37,161.86,122.73,520.2,107.43,498.1,344.63,629.18,441.77,660.76,1074.6,1604.4,1142.1,3783.1,5642.6,2252.6,153.02,88.249,464.52,386.43,279.75,575.19,289.91,892.51,4048.8,3055.6,298,416.81,338.05,78.625,236.35,1220.6,213.83,55.514,1146.5,27.792,318.54,281.53,1952.1,1159.8,16.789,11.63,44.84,21.061,73.044,228.76,371.63,392.87,296.08,156.11,14.929,35.803,79.989,131.32,211.43,148.94,92.74,461.42,409.53,2372.7,243.32,120.57,532.27,113.48,193.02,195.12,68.965,178.97,186.91,134.49,105.9,165.02,33.286,39.317,46.822,231.74,234.26,155.31,135.91,228.27,790.58,1374.7
1193.8,2028.5,11095,335.11,962.49,827.64,1209.9,14851,970.62,549.62,4563.6,257.27,2132.8,2983.3,7400.6,19392,25643,2.1893e+05,43718,0,2.7981e+05,8292.7,1.2415e+05,1.1955e+05,25872,1.1016e+05,30661,80903,56172,24091,34971,56003,3464.3,1.6711e+05,41740,21713,4542.9,8522.7,5435.9,13665,58207,20119,77621,25993,1.3118e+05,54423,57918,4847.7,17556,66418,4067.4,2517.1,2947.6,35689,403.13,570.37,5352.9,18708,961.69,1254.3,51614,31993,60758,45856,727.25,3760.2,2091.1,15394,40176,75809,2104.1,7735.3,2463.4,10895,21283,13664,26690,29773,15766,10695,16145,44828,2458.9,92.825,1922.3,1042.2,34790,126.84,791.47,370.58,1887.2,1663.3,17928,4422.9,8001.7,1042.6,820.95,690.64,1213.4,17148,104.1,295.85,52.171,15.854,130.43,67.18,164.36,47.491,40.211,151.14,124.73,169.69,126.81,215.94,424.21,561.68,492.88,609.29,375.84,1221.3,388.74,5802.9,2007.1,1242.5,6025.5,14789,1319.5,996.71,9924.9,2528,28089,6813,43691,4631,462.55,335.92,1154.2,611.33,482.52,874.33,600.39,1568.8,5853.7,4419.8,8817.1,6001,3608.2,145.96,295.37,1764.7,5611.8,92.587,1749.7,108.46,2442.2,3324.6,4130.2,27281,32.711,27.599,113.52,32.415,142.29,617.55,528.78,708.6,975.67,346.96,42.71,101.26,234.25,467.75,1042,455.78,357.97,5345.9,607.59,7506.6,3310.8,424.11,2909.8,449.12,381.25,598.65,90.607,260.17,221.59,193.3,136.77,672.17,78.323,89.136,106.59,583.49,738.84,767.6,740.57,376.78,1154.6,1782.6
1230.4,1967.1,12656,216.4,747.24,680.31,798.02,15300,804.32,409.45,6057.6,233.47,2145.8,3646.7,2568.3,4834.1,11264,45041,5842.6,2.7981e+05,0,9775.7,1.0648e+05,1.7801e+05,26005,2.1904e+05,31220,1.0657e+05,29781,14448,26731,38954,5093.7,53554,25979,21202,4700.6,10222,3811.9,10816,1.9104e+05,30234,78810,5388.1,22885,17069,46822,3763.5,16086,29588,5515,2971.5,2246.1,37509,263.27,380.13,3126.5,10349,535.95,605.93,34747,41606,36644,20512,500.41,2789.7,2371.9,12785,31514,1.1483e+05,1695.9,5673.7,3165.1,5148.6,8637.1,5196.3,8589.4,9712.5,10907,16422,6529.3,52790,1745.2,68.639,1354.9,937.41,21003,123.69,745.22,376.24,1712,1501.9,27855,6932.8,7590.3,736.27,551.75,534.43,811.33,12797,167,330.47,74.809,18.079,233.57,68.256,185.77,64.335,42.167,143.58,221.59,235.07,125.82,276.38,681.99,428.8,379.31,857.9,272.46,2224.7,450.5,10154,3617.3,885.22,12134,28986,1298.5,920.52,12435,1800.3,52946,4352.8,52321,2810.4,802.5,646.42,839.85,611.91,417.92,836.35,758.46,1820.4,5325.8,3905.8,19374,11665,7603.8,227.63,248.09,1215.9,13106,92.685,1593.6,172.45,4490.2,6238.2,3783,55717,41.607,43.847,135.44,39.532,214.04,683.09,478.52,811.71,1583.9,521.13,68.497,147.28,315.23,621.08,1674.1,638.33,524.26,11142,554.63,6668.1,5385.3,589.01,4414.7,821.9,481.96,1002.5,94.709,318.24,206.74,237.05,133.32,1065.7,83.374,109.52,118.84,732.8,992.23,1079.3,1172.8,395.27,998.82,1402.1
300.02,167.69,332.63,55.637,83.977,2536.3,119.76,352.09,114.29,330.93,464.51,404.36,1082.6,720.96,402.99,917.6,1561.8,5227.9,539.17,8292.7,9775.7,0,844.78,2464.6,3162.8,15680,8577,58500,3.2657e+05,10972,634.86,688.09,927.09,856.62,282.69,368.16,5906.6,922.3,57163,51723,7232,5978,4227.5,584.09,1105.7,698.38,9629.2,2551,3975.3,5811.1,3481.9,94272,1.4179e+05,1.3804e+05,675.56,2680.5,727.87,415.79,68.314,55.997,606.9,1033.5,466.41,584.01,289.6,1137.4,1880.2,2747.6,2745.4,4230.4,12034,53824,25757,334.94,392.47,444.98,432.36,526.29,193.85,1072.3,240.19,1064.4,1068.3,2781.7,662.47,3292.1,7375.3,6215.4,8243.9,13610,7447.1,18200,2157.1,2682.7,27668,11774,16983,27838,35589,5653,201.69,459.63,101.12,25.485,287.19,103.95,389.65,95.453,67.316,212.44,266.86,328.89,196.79,404.56,805.84,470.46,408.31,1293.2,349.61,2801.1,638.06,11501,11594,1363.7,13145,73768,2035.9,1096,22578,2650.8,80843,10190,1.3829e+05,6033.7,941.24,767.95,1220.8,671.46,509.18,1258.1,855.08,2200.2,9934.9,6080.1,19637,16410,9610.1,267.08,275.39,1480.2,12562,137.79,2221.4,358.82,7147,16231,10816,1.0053e+05,348.43,160.51,820.17,53.963,279.88,988.69,512.59,854.09,1782.9,607.4,149.74,477.17,941.78,1457,3053.6,1741.5,1333.2,13871,847.99,29377,20967,2270.7,14522,954.97,538.95,1073.6,121,385.37,230.35,275,157.36,2291.4,724.88,612.77,573.69,3069,3713.9,2722.3,3091.7,830.64,2008,2526
435.06,729.6,4143,80.944,324.44,277.26,369.97,4933.5,381.06,176.25,2362.1,103.44,1017.2,1525.6,3644.9,5790.6,29007,38073,12494,1.2415e+05,1.0648e+05,844.78,0,2.148e+05,52104,1.3037e+05,57400,16394,12562,19239,7549.9,10393,2537.8,1.3194e+05,1.2572e+05,32224,2686.9,9149.9,2117.3,8883.2,32939,5396.9,14543,2784.3,60962,15094,56722,3080.2,7184.8,14979,2086.7,541.52,1054.6,3203.3,123.36,143.02,1000.1,2825.6,190.66,246.04,18923,25228,53436,5122,276.32,1465.5,922.94,5313.5,10794,34366,910.85,3216.9,343.91,1664.1,2348.6,2201.7,2305.1,2912.2,3078.6,6475.5,2150.8,22689,1094.2,25.886,1026.9,404.88,12000,53.153,356.73,153.9,826.3,607.67,11180,2348.9,2242,362.58,284.44,357.41,489.58,17982,44.987,222.51,30.583,11.915,55.937,46.388,123.91,36.125,21.891,84.814,61.434,103.87,70.294,132.73,183.57,603.03,562.42,318.14,470.93,350.57,249.08,1381.6,327.87,1371.4,1033.4,1839,1128,899.98,3380.5,2865.8,3292.3,7314.8,16770,4728.3,203.92,148.09,1054.5,652.3,490.58,544.82,358.36,938.23,4776.3,4124.6,847.33,1007.2,782.15,115.47,316.49,2175,604.79,55.081,1486.9,49.194,694.66,605.44,3278.7,3179,11.736,15.349,40.846,26.167,92.411,392.29,599.88,600.96,359.17,215.97,20.866,44.996,84.399,179.35,377.08,169.85,144.15,1058.9,358.53,3528.7,451.24,154.89,895.52,157.23,273.23,265.33,86.513,226.6,220.97,184.27,131.76,278.29,41.472,34.628,43.651,217.93,274.79,247.68,240.46,251.05,909.15,1295.2
500.45,880.4,4256.8,104.17,425.91,443.95,506.45,4979.6,507.96,246.56,2717.5,166.44,1337.4,2032.9,5271.3,7760.8,47558,36369,10349,1.1955e+05,1.7801e+05,2464.6,2.148e+05,0,37873,4.3832e+05,82691,59529,26621,58444,7470.1,9851.8,3137.9,73790,64983,19372,3391,7815,2963.3,11744,70957,12766,15628,3221.5,35641,9236.4,1.0767e+05,7061.3,16447,18400,4485.1,1066.9,1562.5,6843.8,224.96,255.55,1251.6,2735.8,260.77,298.9,13431,22597,28213,4850.5,579.73,2884.4,1939.4,9227,14725,49200,1231.6,4181.4,689.53,1835.7,2294.6,2633,2379,3059,2944.7,7541.5,1985.1,21811,2493.4,43.118,2501.4,869.3,19825,93.504,860.48,306.07,1887.5,1374.6,18808,5593.5,4607.6,542.42,380.64,431.74,641.7,37179,55.035,294.37,35.265,13.58,82.629,53.861,164.52,46.844,29.578,110.05,88.245,123.07,95.346,155.37,266.81,607.71,580.66,419.03,508.12,597.19,346.12,2764.6,908.98,1531.9,2746.6,5496,1417,937.57,6078.7,2921.7,9544.2,7411.9,27042,4957.4,270.95,216.26,1251.1,716.9,568.46,628.03,435.96,1085.2,5164,4105.9,2692.5,2031.8,1478.7,142.81,370.36,2322.5,1676.7,66.434,1567.5,79.159,1171,1280.1,3914.4,7516.3,25.763,26.583,92.277,30.47,110.29,745.77,615.14,661.09,535.6,262.12,38.347,87.781,190.64,321.89,633.1,342.13,259.27,2079.5,439.37,4637.1,948.13,340.72,1752,254.83,328.95,362.85,91.378,248.54,253.41,214.49,158.85,467.68,89.137,90.421,98.72,499.98,578.68,472.16,470.12,321.7,1126.2,1494.4
1119.4,1812.9,6032.6,236.97,980.47,881.26,1108.5,7415.2,1123.4,659.27,6410.1,499.83,3691.6,5991.8,13843,29271,43763,18453,8467.5,25872,26005,3162.8,52104,37873,0,51297,1.1107e+05,26768,34997,30322,7918.7,9769.2,17686,52793,70378,75739,21111,53536,10926,69694,30708,12981,7269.9,11349,36342,32832,68077,2374.1,5811,10850,3079.5,1738,4309.3,9548.8,200.26,375.63,1718.2,3501.4,468.45,811.76,39177,88372,92967,5788.4,300.02,1212.4,1072,4305.6,7254.6,17558,4720.6,5117.1,690.33,4003.2,4329.2,8662.4,5880.7,9139.8,4059.9,20945,4871.7,52584,1187.5,119.21,827.59,579.32,10155,224.51,524.84,422.28,1020.9,953.08,9246,4320.9,4757.8,1602.6,1476.4,1868.4,2433.6,24213,365.58,1541.3,328.32,116.44,553.97,544.8,1014.1,443.77,242.38,712.92,626.4,1147,722.16,1264.7,1975.1,4074.9,4305.9,820.72,1847.8,693.49,477.46,2014.2,600.82,1625.9,1414.5,2672.9,1438.5,4498.2,2502.7,5554.1,4126,11915,11060,5310.7,1579.3,1208.3,1503.7,3440.5,1809.5,5653.6,3464.9,9637,29708,19307,1486.1,1788,1637.4,1040.3,2783.9,6832.6,1102.9,626.37,7221.4,134.11,1536.3,1328.3,8860.6,4894.6,63.345,108.62,70.28,316.69,907.86,1199.4,3849.5,4973.9,4156.2,1699.3,109.06,130.11,134.27,348.81,749.42,260.97,209.72,1973.6,3526.1,6658.3,875.18,346.61,1464.1,1459.1,2853.8,3018.9,1029.6,2252.4,2289.7,1733,1244.5,594.27,118.05,96.036,78.799,332.09,398.29,412.05,422.12,2095.5,7339.2,12201
732.93,1283,5399.6,156.23,646.63,1184.2,731.52,5972.8,740.38,391.82,4206.1,296.28,2307.4,3537.3,4427.7,7581.1,50677,61578,10755,1.1016e+05,2.1904e+05,15680,1.3037e+05,4.3832e+05,51297,0,1.3338e+05,2.2246e+05,1.2668e+05,1.5458e+05,8655.6,10763,5863.3,29103,26727,14983,8868.6,12930,10945,49382,1.9527e+05,44580,19835,4311.1,22023,8199.5,1.7678e+05,15587,47054,34004,11415,3731.7,6880.6,28567,544.83,643.44,2365,3209.4,394.9,395.69,12530,26246,15302,5677.2,1334.8,6046.8,4521.7,16809,19733,51655,2882,12846,2155.7,2545.9,3014.6,3125.6,3295,4071.5,3337.7,11885,2426.3,27018,5879.4,138.88,5773.1,2150.7,37329,351.62,2377.4,970.55,5070.7,3703.4,27599,15466,13097,1032,858.58,1437.7,1480.4,83492,169.28,820.78,95.692,40.098,243.35,122.34,413.02,102.67,57.37,230.72,261.33,342.13,206.71,395.4,834.7,822.27,743.57,1356.3,739.9,2764.4,1281.2,15952,7533.5,3764.7,17000,38594,4232.9,1579,30974,4194.8,49252,14387,1.4377e+05,9159,749.58,673.06,3159.1,1129.8,1030.3,1397.1,1104.3,2594.2,10697,7272.9,15299,6431.1,6197.4,293.29,461.64,3238.6,9376.3,139.06,2959,265.56,4331.8,5355.3,12212,29086,82.035,77.087,288.8,67.086,240.41,2621.5,835.98,1144.6,1834.6,562.11,117.41,272.82,558.63,1042.6,2177,1027.1,775.6,7603.1,928.18,16673,3517.4,1164,5116.8,830.42,667.99,1073.6,166.57,426.88,355.97,327.46,226.85,1478.8,272.85,308.67,291.85,1526.9,1600.9,1373.8,1295,804.68,2454.7,2885
751.95,1467.6,4559.4,196.99,877.48,845.86,1039.3,5402.6,1047.7,565.59,4628.5,399.59,3020.9,4328.6,14249,26599,77546,31267,16367,30661,31220,8577,57400,82691,1.1107e+05,1.3338e+05,0,42062,1.2018e+05,90484,5910.7,7267.2,7404.9,37362,47386,27619,9141.6,17486,10394,63602,33821,14914,7963.6,10170,42364,19199,1.2372e+05,6846.5,12245,17764,3978.6,3926.4,9583.9,14619,288.74,498.85,1550.7,2463.7,417.53,633.12,14894,34902,33120,4432.3,545.51,2507.5,1556.3,6656.6,9439.2,16854,3469.3,10430,1236.3,2901.4,2998.8,6458.4,4374.2,6986.7,2883.2,12924,3029.2,28020,2351.1,253.58,2326.7,929.62,19386,541.73,1236.4,1007.5,2168.3,2121.1,8926.2,5219.4,7580,1365.8,1175.1,3777.8,2357.6,49423,295.64,1453.2,232.03,73.952,437.88,323.28,1215.7,270.5,154.4,430.99,480.61,752.8,505.06,887.99,1452.2,4721.1,5074.5,1560.2,3403,1542.7,1218.9,4679.5,1283.6,5292.8,3146,5504.9,4304.6,5570.6,6513.1,11598,7017.4,29435,35858,14064,1429.4,1295.9,4063.1,4749.1,3038.2,3874.8,2793.9,6395.6,32182,24121,2167.2,2468.1,2933.8,1264.7,3308.9,13172,1706.8,434.06,7778,280.57,2913.2,2085.3,17967,7321.6,84.98,107.1,138.68,241.33,785.57,1687.9,5096.1,5253.6,2822.5,1827,128.16,214.97,279.29,674.71,1364,469.56,360.42,2910.8,2613.7,12160,1379.4,584.72,2264.1,1201.2,2742,2275.1,831.02,2015,2205.2,1868.7,1409.4,1134.3,183.11,172.32,130.54,654.27,736.31,638.16,615.84,2335.9,8688.3,10623
496.99,805.31,2954.5,113.14,422.7,1807,480.07,3563.3,528.06,359.62,2968.2,356.77,2232.8,3140.4,3046.5,6470.6,21412,94505,5897.5,80903,1.0657e+05,58500,16394,59529,26768,2.2246e+05,42062,0,1.7856e+05,48373,5432.5,7538.1,5184.7,8788.6,4939.7,5537.4,12823,8173.3,32533,82574,3.1036e+05,1.0847e+05,46639,5182.9,10807,6530.8,1.2545e+05,15599,61303,81556,16795,16705,24647,1.2019e+05,559.96,757.11,1778.9,2572.4,261.17,328.93,6554.6,12752,6258.5,5658,1235.7,5804.2,5728.5,17260,21221,50561,5340.3,18643,10386,2102.8,3167.5,3012.2,4047.8,4914.9,2373,8080.5,2306.9,13627,5309.7,299.57,5008.9,2585.9,49722,667.45,3127.4,1851.8,6953.7,6300.1,31023,27978,31389,2090.9,1930.4,3268.2,4302.4,31985,391.37,1019.8,180.92,47.481,640.04,143.7,748.33,143.93,87.238,303,583.45,587.62,325.57,676.2,1774.6,948.11,888.06,2447.2,794.42,7283.3,1627.5,30506,17125,3093.2,31384,1.027e+05,4412.2,2128.1,31819,4278.9,1.0295e+05,13595,1.5799e+05,7466.6,1995.6,2085.7,2828.9,1706.3,1258.2,2137.7,2144.3,4432.7,15954,9700.1,42025,26981,23928,768.59,702.44,3341.8,32869,233.91,3891,690.97,15000,26635,15878,1.3506e+05,144.44,162.79,526.22,112.36,544.09,2613.1,1256.6,2215.8,4306.4,1527.1,259.98,582.83,1163.6,2342.9,5883.9,2200.9,1748.6,28203,1450.9,21451,16965,2815.1,15019,2211.8,1479.4,2726.4,266.3,866.57,516.22,680.7,393.75,4070,391.8,580.86,451.76,2931.3,3566.2,3549.1,3746.5,1521,3683,4066.6
579.38,997.87,1775.6,179.89,698.01,2122.7,918.19,2060.2,857.31,681.33,2763.8,649.53,3600.6,3846.2,6843.6,14868,41854,47364,16150,56172,29781,3.2657e+05,12562,26621,34997,1.2668e+05,1.2018e+05,1.7856e+05,0,2.3598e+05,2955.8,3672.2,5131.8,14865,3957.2,3646.8,18965,7904.5,94908,2.7666e+05,26562,26772,13742,8126.7,29436,10309,1.0972e+05,11402,24316,29918,9116.8,65181,1.9399e+05,1.8573e+05,917.73,2784.7,2074.9,1757.2,418.22,453.82,4901.9,7974.3,5295.5,3668.7,1020.5,4337.4,3721.2,10514,12319,12399,11034,1.5939e+05,16313,2376.8,2504.5,4321.3,3818.7,5489.8,1383.3,6236.3,2209.1,7589.3,4041.1,2547.1,3864.9,3957,32869,5502.6,7807.5,10778,9501.7,17269,7974.2,9788.9,45620,4505.7,5781.5,49818,17509,93104,634.14,3526.3,395.08,126.89,954.59,442.47,3121,390.29,228.51,730.19,977.78,1278.6,918,1702.6,3182.4,7085.5,7023,6575.2,6899.5,10002,5934.1,50801,32604,24424,47840,1.5162e+05,22035,10716,1.2353e+05,33475,1.5723e+05,1.2714e+05,7.1705e+05,70654,3087.3,2884.4,18014,8567.3,7151.6,7346.7,5154.5,11691,78585,55706,35711,16987,19006,2066,4535.9,28897,22598,695.04,18075,1097,15691,19079,89761,90777,410.86,337.78,805.22,352.18,1267.6,6888.2,7695.1,7872.7,6530,3219.3,461.61,848.99,1336.8,3005.1,6779.8,2326.1,1941.6,19823,5008,1.3118e+05,16424,3506.9,15784,3097.8,4155.2,4525.3,1061.2,2899.4,2919.6,2685.1,1963,4997.2,874.79,911.67,665.25,3529.1,4120.2,3396.3,3642.4,6007.5,20929,21946
